0000000000 00000000
0000000001 00000000
0000000010 00000000
0000000011 00000000
0000000100 00000000
0000000101 00000000
0000000110 00000000
0000000111 00000000
0000001000 00000000
0000001001 00000000
0000001010 00000000
0000001011 00000000
0000001100 00000000
0000001101 00000000
0000001110 00000000
0000001111 00000000
0000010000 00000001
0000010001 00000010
0000010010 00000100
0000010011 00001000
0000010100 00010000
0000010101 00100000
0000010110 01000000
0000010111 10000000
0000011000 00000001
0000011001 00000010
0000011010 00000100
0000011011 00001000
0000011100 00010000
0000011101 00100000
0000011110 01000000
0000011111 10000000
0000100000 00000010
0000100001 00000100
0000100010 00001000
0000100011 00010000
0000100100 00100000
0000100101 01000000
0000100110 10000000
0000100111 00000001
0000101000 00000010
0000101001 00000100
0000101010 00001000
0000101011 00010000
0000101100 00100000
0000101101 01000000
0000101110 10000000
0000101111 00000001
0000110000 00000011
0000110001 00000110
0000110010 00001100
0000110011 00011000
0000110100 00110000
0000110101 01100000
0000110110 11000000
0000110111 10000001
0000111000 00000011
0000111001 00000110
0000111010 00001100
0000111011 00011000
0000111100 00110000
0000111101 01100000
0000111110 11000000
0000111111 10000001
0001000000 00000100
0001000001 00001000
0001000010 00010000
0001000011 00100000
0001000100 01000000
0001000101 10000000
0001000110 00000001
0001000111 00000010
0001001000 00000100
0001001001 00001000
0001001010 00010000
0001001011 00100000
0001001100 01000000
0001001101 10000000
0001001110 00000001
0001001111 00000010
0001010000 00000101
0001010001 00001010
0001010010 00010100
0001010011 00101000
0001010100 01010000
0001010101 10100000
0001010110 01000001
0001010111 10000010
0001011000 00000101
0001011001 00001010
0001011010 00010100
0001011011 00101000
0001011100 01010000
0001011101 10100000
0001011110 01000001
0001011111 10000010
0001100000 00000110
0001100001 00001100
0001100010 00011000
0001100011 00110000
0001100100 01100000
0001100101 11000000
0001100110 10000001
0001100111 00000011
0001101000 00000110
0001101001 00001100
0001101010 00011000
0001101011 00110000
0001101100 01100000
0001101101 11000000
0001101110 10000001
0001101111 00000011
0001110000 00000111
0001110001 00001110
0001110010 00011100
0001110011 00111000
0001110100 01110000
0001110101 11100000
0001110110 11000001
0001110111 10000011
0001111000 00000111
0001111001 00001110
0001111010 00011100
0001111011 00111000
0001111100 01110000
0001111101 11100000
0001111110 11000001
0001111111 10000011
0010000000 00001000
0010000001 00010000
0010000010 00100000
0010000011 01000000
0010000100 10000000
0010000101 00000001
0010000110 00000010
0010000111 00000100
0010001000 00001000
0010001001 00010000
0010001010 00100000
0010001011 01000000
0010001100 10000000
0010001101 00000001
0010001110 00000010
0010001111 00000100
0010010000 00001001
0010010001 00010010
0010010010 00100100
0010010011 01001000
0010010100 10010000
0010010101 00100001
0010010110 01000010
0010010111 10000100
0010011000 00001001
0010011001 00010010
0010011010 00100100
0010011011 01001000
0010011100 10010000
0010011101 00100001
0010011110 01000010
0010011111 10000100
0010100000 00001010
0010100001 00010100
0010100010 00101000
0010100011 01010000
0010100100 10100000
0010100101 01000001
0010100110 10000010
0010100111 00000101
0010101000 00001010
0010101001 00010100
0010101010 00101000
0010101011 01010000
0010101100 10100000
0010101101 01000001
0010101110 10000010
0010101111 00000101
0010110000 00001011
0010110001 00010110
0010110010 00101100
0010110011 01011000
0010110100 10110000
0010110101 01100001
0010110110 11000010
0010110111 10000101
0010111000 00001011
0010111001 00010110
0010111010 00101100
0010111011 01011000
0010111100 10110000
0010111101 01100001
0010111110 11000010
0010111111 10000101
0011000000 00001100
0011000001 00011000
0011000010 00110000
0011000011 01100000
0011000100 11000000
0011000101 10000001
0011000110 00000011
0011000111 00000110
0011001000 00001100
0011001001 00011000
0011001010 00110000
0011001011 01100000
0011001100 11000000
0011001101 10000001
0011001110 00000011
0011001111 00000110
0011010000 00001101
0011010001 00011010
0011010010 00110100
0011010011 01101000
0011010100 11010000
0011010101 10100001
0011010110 01000011
0011010111 10000110
0011011000 00001101
0011011001 00011010
0011011010 00110100
0011011011 01101000
0011011100 11010000
0011011101 10100001
0011011110 01000011
0011011111 10000110
0011100000 00001110
0011100001 00011100
0011100010 00111000
0011100011 01110000
0011100100 11100000
0011100101 11000001
0011100110 10000011
0011100111 00000111
0011101000 00001110
0011101001 00011100
0011101010 00111000
0011101011 01110000
0011101100 11100000
0011101101 11000001
0011101110 10000011
0011101111 00000111
0011110000 00001111
0011110001 00011110
0011110010 00111100
0011110011 01111000
0011110100 11110000
0011110101 11100001
0011110110 11000011
0011110111 10000111
0011111000 00001111
0011111001 00011110
0011111010 00111100
0011111011 01111000
0011111100 11110000
0011111101 11100001
0011111110 11000011
0011111111 10000111
0100000000 00000000
0100000001 11111111
0100000010 11111110
0100000011 11111101
0100000100 11111100
0100000101 11111011
0100000110 11111010
0100000111 11111001
0100010000 00000001
0100010001 00000000
0100010010 11111111
0100010011 11111110
0100010100 11111101
0100010101 11111100
0100010110 11111011
0100010111 11111010
0100100000 00000010
0100100001 00000001
0100100010 00000000
0100100011 11111111
0100100100 11111110
0100100101 11111101
0100100110 11111100
0100100111 11111011
0100110000 00000011
0100110001 00000010
0100110010 00000001
0100110011 00000000
0100110100 11111111
0100110101 11111110
0100110110 11111101
0100110111 11111100
0101000000 00000100
0101000001 00000011
0101000010 00000010
0101000011 00000001
0101000100 00000000
0101000101 11111111
0101000110 11111110
0101000111 11111101
0101010000 00000101
0101010001 00000100
0101010010 00000011
0101010011 00000010
0101010100 00000001
0101010101 00000000
0101010110 11111111
0101010111 11111110
0101100000 00000110
0101100001 00000101
0101100010 00000100
0101100011 00000011
0101100100 00000010
0101100101 00000001
0101100110 00000000
0101100111 11111111
0101110000 00000111
0101110001 00000110
0101110010 00000101
0101110011 00000100
0101110100 00000011
0101110101 00000010
0101110110 00000001
0101110111 00000000
1000000000 00001111
1000000001 00001110
1000000010 00001101
1000000011 00001100
1000000100 00001011
1000000101 00001010
1000000110 00001001
1000000111 00001000
1000001000 00000111
1000001001 00000110
1000001010 00000101
1000001011 00000100
1000001100 00000011
1000001101 00000010
1000001110 00000001
1000001111 00000000
1000010000 00001110
1000010001 00001110
1000010010 00001100
1000010011 00001100
1000010100 00001010
1000010101 00001010
1000010110 00001000
1000010111 00001000
1000011000 00000110
1000011001 00000110
1000011010 00000100
1000011011 00000100
1000011100 00000010
1000011101 00000010
1000011110 00000000
1000011111 00000000
1000100000 00001101
1000100001 00001100
1000100010 00001101
1000100011 00001100
1000100100 00001001
1000100101 00001000
1000100110 00001001
1000100111 00001000
1000101000 00000101
1000101001 00000100
1000101010 00000101
1000101011 00000100
1000101100 00000001
1000101101 00000000
1000101110 00000001
1000101111 00000000
1000110000 00001100
1000110001 00001100
1000110010 00001100
1000110011 00001100
1000110100 00001000
1000110101 00001000
1000110110 00001000
1000110111 00001000
1000111000 00000100
1000111001 00000100
1000111010 00000100
1000111011 00000100
1000111100 00000000
1000111101 00000000
1000111110 00000000
1000111111 00000000
1001000000 00001011
1001000001 00001010
1001000010 00001001
1001000011 00001000
1001000100 00001011
1001000101 00001010
1001000110 00001001
1001000111 00001000
1001001000 00000011
1001001001 00000010
1001001010 00000001
1001001011 00000000
1001001100 00000011
1001001101 00000010
1001001110 00000001
1001001111 00000000
1001010000 00001010
1001010001 00001010
1001010010 00001000
1001010011 00001000
1001010100 00001010
1001010101 00001010
1001010110 00001000
1001010111 00001000
1001011000 00000010
1001011001 00000010
1001011010 00000000
1001011011 00000000
1001011100 00000010
1001011101 00000010
1001011110 00000000
1001011111 00000000
1001100000 00001001
1001100001 00001000
1001100010 00001001
1001100011 00001000
1001100100 00001001
1001100101 00001000
1001100110 00001001
1001100111 00001000
1001101000 00000001
1001101001 00000000
1001101010 00000001
1001101011 00000000
1001101100 00000001
1001101101 00000000
1001101110 00000001
1001101111 00000000
1001110000 00001000
1001110001 00001000
1001110010 00001000
1001110011 00001000
1001110100 00001000
1001110101 00001000
1001110110 00001000
1001110111 00001000
1001111000 00000000
1001111001 00000000
1001111010 00000000
1001111011 00000000
1001111100 00000000
1001111101 00000000
1001111110 00000000
1001111111 00000000
1010000000 00000111
1010000001 00000110
1010000010 00000101
1010000011 00000100
1010000100 00000011
1010000101 00000010
1010000110 00000001
1010000111 00000000
1010001000 00000111
1010001001 00000110
1010001010 00000101
1010001011 00000100
1010001100 00000011
1010001101 00000010
1010001110 00000001
1010001111 00000000
1010010000 00000110
1010010001 00000110
1010010010 00000100
1010010011 00000100
1010010100 00000010
1010010101 00000010
1010010110 00000000
1010010111 00000000
1010011000 00000110
1010011001 00000110
1010011010 00000100
1010011011 00000100
1010011100 00000010
1010011101 00000010
1010011110 00000000
1010011111 00000000
1010100000 00000101
1010100001 00000100
1010100010 00000101
1010100011 00000100
1010100100 00000001
1010100101 00000000
1010100110 00000001
1010100111 00000000
1010101000 00000101
1010101001 00000100
1010101010 00000101
1010101011 00000100
1010101100 00000001
1010101101 00000000
1010101110 00000001
1010101111 00000000
1010110000 00000100
1010110001 00000100
1010110010 00000100
1010110011 00000100
1010110100 00000000
1010110101 00000000
1010110110 00000000
1010110111 00000000
1010111000 00000100
1010111001 00000100
1010111010 00000100
1010111011 00000100
1010111100 00000000
1010111101 00000000
1010111110 00000000
1010111111 00000000
1011000000 00000011
1011000001 00000010
1011000010 00000001
1011000011 00000000
1011000100 00000011
1011000101 00000010
1011000110 00000001
1011000111 00000000
1011001000 00000011
1011001001 00000010
1011001010 00000001
1011001011 00000000
1011001100 00000011
1011001101 00000010
1011001110 00000001
1011001111 00000000
1011010000 00000010
1011010001 00000010
1011010010 00000000
1011010011 00000000
1011010100 00000010
1011010101 00000010
1011010110 00000000
1011010111 00000000
1011011000 00000010
1011011001 00000010
1011011010 00000000
1011011011 00000000
1011011100 00000010
1011011101 00000010
1011011110 00000000
1011011111 00000000
1011100000 00000001
1011100001 00000000
1011100010 00000001
1011100011 00000000
1011100100 00000001
1011100101 00000000
1011100110 00000001
1011100111 00000000
1011101000 00000001
1011101001 00000000
1011101010 00000001
1011101011 00000000
1011101100 00000001
1011101101 00000000
1011101110 00000001
1011101111 00000000
1011110000 00000000
1011110001 00000000
1011110010 00000000
1011110011 00000000
1011110100 00000000
1011110101 00000000
1011110110 00000000
1011110111 00000000
1011111000 00000000
1011111001 00000000
1011111010 00000000
1011111011 00000000
1011111100 00000000
1011111101 00000000
1011111110 00000000
1011111111 00000000
1100000000 00000000
1100000001 00000000
1100000010 00000000
1100000011 00000000
1100000100 00000000
1100000101 00000000
1100000110 00000000
1100000111 00000000
1100001000 00000000
1100001001 00000000
1100001010 00000000
1100001011 00000000
1100001100 00000000
1100001101 00000000
1100001110 00000000
1100001111 00000000
1100010000 00000100
1100010001 00000100
1100010010 00000100
1100010011 00000100
1100010100 00000100
1100010101 00000100
1100010110 00000100
1100010111 00000100
1100011000 00000100
1100011001 00000100
1100011010 00000100
1100011011 00000100
1100011100 00000100
1100011101 00000100
1100011110 00000100
1100011111 00000100
1100100000 00001000
1100100001 00001000
1100100010 00001000
1100100011 00001000
1100100100 00001000
1100100101 00001000
1100100110 00001000
1100100111 00001000
1100101000 00001000
1100101001 00001000
1100101010 00001000
1100101011 00001000
1100101100 00001000
1100101101 00001000
1100101110 00001000
1100101111 00001000
1100110000 00001100
1100110001 00001100
1100110010 00001100
1100110011 00001100
1100110100 00001100
1100110101 00001100
1100110110 00001100
1100110111 00001100
1100111000 00001100
1100111001 00001100
1100111010 00001100
1100111011 00001100
1100111100 00001100
1100111101 00001100
1100111110 00001100
1100111111 00001100
1101000000 00010000
1101000001 00010000
1101000010 00010000
1101000011 00010000
1101000100 00010000
1101000101 00010000
1101000110 00010000
1101000111 00010000
1101001000 00010000
1101001001 00010000
1101001010 00010000
1101001011 00010000
1101001100 00010000
1101001101 00010000
1101001110 00010000
1101001111 00010000
1101010000 00010100
1101010001 00010100
1101010010 00010100
1101010011 00010100
1101010100 00010100
1101010101 00010100
1101010110 00010100
1101010111 00010100
1101011000 00010100
1101011001 00010100
1101011010 00010100
1101011011 00010100
1101011100 00010100
1101011101 00010100
1101011110 00010100
1101011111 00010100
1101100000 00011000
1101100001 00011000
1101100010 00011000
1101100011 00011000
1101100100 00011000
1101100101 00011000
1101100110 00011000
1101100111 00011000
1101101000 00011000
1101101001 00011000
1101101010 00011000
1101101011 00011000
1101101100 00011000
1101101101 00011000
1101101110 00011000
1101101111 00011000
1101110000 00011100
1101110001 00011100
1101110010 00011100
1101110011 00011100
1101110100 00011100
1101110101 00011100
1101110110 00011100
1101110111 00011100
1101111000 00011100
1101111001 00011100
1101111010 00011100
1101111011 00011100
1101111100 00011100
1101111101 00011100
1101111110 00011100
1101111111 00011100
1110000000 00100000
1110000001 00100000
1110000010 00100000
1110000011 00100000
1110000100 00100000
1110000101 00100000
1110000110 00100000
1110000111 00100000
1110001000 00100000
1110001001 00100000
1110001010 00100000
1110001011 00100000
1110001100 00100000
1110001101 00100000
1110001110 00100000
1110001111 00100000
1110010000 00100100
1110010001 00100100
1110010010 00100100
1110010011 00100100
1110010100 00100100
1110010101 00100100
1110010110 00100100
1110010111 00100100
1110011000 00100100
1110011001 00100100
1110011010 00100100
1110011011 00100100
1110011100 00100100
1110011101 00100100
1110011110 00100100
1110011111 00100100
1110100000 00101000
1110100001 00101000
1110100010 00101000
1110100011 00101000
1110100100 00101000
1110100101 00101000
1110100110 00101000
1110100111 00101000
1110101000 00101000
1110101001 00101000
1110101010 00101000
1110101011 00101000
1110101100 00101000
1110101101 00101000
1110101110 00101000
1110101111 00101000
1110110000 00101100
1110110001 00101100
1110110010 00101100
1110110011 00101100
1110110100 00101100
1110110101 00101100
1110110110 00101100
1110110111 00101100
1110111000 00101100
1110111001 00101100
1110111010 00101100
1110111011 00101100
1110111100 00101100
1110111101 00101100
1110111110 00101100
1110111111 00101100
1111000000 00110000
1111000001 00110000
1111000010 00110000
1111000011 00110000
1111000100 00110000
1111000101 00110000
1111000110 00110000
1111000111 00110000
1111001000 00110000
1111001001 00110000
1111001010 00110000
1111001011 00110000
1111001100 00110000
1111001101 00110000
1111001110 00110000
1111001111 00110000
1111010000 00110100
1111010001 00110100
1111010010 00110100
1111010011 00110100
1111010100 00110100
1111010101 00110100
1111010110 00110100
1111010111 00110100
1111011000 00110100
1111011001 00110100
1111011010 00110100
1111011011 00110100
1111011100 00110100
1111011101 00110100
1111011110 00110100
1111011111 00110100
1111100000 00111000
1111100001 00111000
1111100010 00111000
1111100011 00111000
1111100100 00111000
1111100101 00111000
1111100110 00111000
1111100111 00111000
1111101000 00111000
1111101001 00111000
1111101010 00111000
1111101011 00111000
1111101100 00111000
1111101101 00111000
1111101110 00111000
1111101111 00111000
1111110000 00111100
1111110001 00111100
1111110010 00111100
1111110011 00111100
1111110100 00111100
1111110101 00111100
1111110110 00111100
1111110111 00111100
1111111000 00111100
1111111001 00111100
1111111010 00111100
1111111011 00111100
1111111100 00111100
1111111101 00111100
1111111110 00111100
1111111111 00111100
